//Fuente 6x8 píxeles ordenana en ASCII
//Espacio	#00
00
00
00
00
00
00
// !		#01
00
00
00
2F
00
00
// "		#02
00
00
07
00
07
00
// #		#03
00
14
7F
14
7F
14
// $		#04
00
24
2A
7F
2A
12
// %		#05
00
62
64
08
13
23
// &		#06
00
36
49
55
22
50
// '		#07
00
00
05
03
00
00
// (		#08
00
00
1C
22
41
00
// )		#9
00
00
41
22
1C
00
// *		#10
00
14
08
3E
08
14
// +		#11
00
08
08
3E
08 
08
// ,		#12
00
00
00
A0
60
00
// -		#13
00
08
08
08
08
08
// .		#14
00
00
60
60
00
00
// /		#15
00
20
10
08
04
02
// 0		#16
00
3e
51
49
45
3e
// 1		#17
00
00
42
7F
40
00
// 2		#18
00
42
61
51
49
46
// 3		#19
00
21
41
45
4B
31
// 4		#20
00
18
14
12
7F
10
// 5		#21
00
27
45
45
45
39
// 6		#22
00
3C
4A
49
49
30
// 7		#23
00
01
71
09
05
03
// 8		#24
00
36
49
49
49
36
// 9		#25
00
06
49
49
29
1e
// :		#26
00
00
36
36
00
00
// ;		#27
00
00
56
36
00
00
// <		#28
00
08
14
22
41
00
// =		#29
00
14
14
14
14
14
// >		#30
00
00
41
22
14
08
// ?		#31
00
02
01
51
09
06
// @		#32
00
32
49
56
51
3e
// A 		#33
00
7C
12
11
12
7C
// B		#34
00
7F
49
49
49
36
// C		#35
00
3E
41
41
41
22
// D		#36
00
7F
41
41
22
1C
// E		#37
00
7F
49
49
49
41
// F		#38
00
7F
09
09
09
01
// G		#39
00
3E
41
49
49
7A
// H 		#40
00
7F
08
08
08
7F
// I		#41
00
00
41
7F
41
00
// J		#42
00
20
40
41
3F
01
// K		#43
00
7F
08
14
22
41
// L 		#44
00
7F
40
40
40
40
// M		#45
00
7F
02
0C
02
7F
// N		#46
00
7F
04
08
10
7F
// O		#47
00
3E
41
41
41
3E
// P		#48
00
7F
09
09
09
06
// Q		#49
00
3E
41
51
21
5E
// R		#50
00
7F
09
19
29
46
// S		#51
00
46
49
49
49
31
// T		#52
00
01
01
7F
01
01
// U		#53
00
3F
40
40
40
3F
// V		#54
00
1F
20
40
20
1F
// W		#55
00
3F
40
38
40
3F
// X		#56
00
63
14
08
14
63
// Y		#57
00
07
08
70
08
07
// Z		#58
00
61
51
49
45
43
// [		#59
00
00
7F
41
41
00
// \		#60
00
55
2A
55
2A
55
// ]		#61
00
00
41
41
7F
00
// ^		#62
00
04
02
01
02
04
// _		#63
00
40
40
40
40
40
// '		#64
00
00
01
02
04
00
// a		#65
00
20
54
54
54
78
// b		#66
00
7F
48
44
44
38
// c		#67
00
38
44
44
44
20
// d		#68
00
38
44
44
48
7F
// e		#69
00
38
54
54
54
18
// f		#70
00
08
7E
09
01
02
// g		#71
00
18
A4
A4
A4
7C
// h		#72
00
7F
08
04
04
78
// i		#73
00
00
44
7D
40
00
// j		#74
00
40
80
84
7D
00
// k		#75
00
7F
10
28
44
00
// l		#76
00
00
41
7F
40
00
// m 		#77
00
7C
04
18
04
78
// n		#78
00
7C
08
04
04
78
// o		#79
00
38
44
44
44
38
// p		#80
00
FC
24
24
24
18
// q		#81
00
18
24
24
18
FC
// r		#82
00
7C
08
04
04
08
// s		#83
00
48
54
54
54
20
// t		#84
00
04
3F
44
40
20
// u		#85
00
3C
40
40
20
7C
// v		#86
00
1C
20
40
20
1C
// w		#87
00
3C
40
30
40
3C
// x		#88
00
44
28
10
28
44
// y		#89
00
1C
A0
A0
A0
7C
// z		#90
00
44
64
54
4C
44
// =		#91
00
14
14
14
14
00
// Ñ		#92
00
7D
0D
11
61
7D
// ñ		#93
00
7C
09
05
05
79
// Comandos prendido pantalla #94
AE
20
00
B0
C8
00	
10
//		#95
40
81
3F
A1
A6
A8
//		#96
3F
A4
D3
00
D5
F0
//		#97
D9
22
DA
12
DB
20
//		#98
8D
14
AF
00
00
00
//DEFAULT	#99
00
00
00
00
00
00
00
00
00
00
00
00
00
00
00
00
00
00
00
00
00
00
00
00
00
00
00
00
00
00
00
00
00
00
00
00
00
00
00
00
00
00
00
00
00
00
00
00
00
00
00
00
00
00
00
00
00
00
00
00
00
00
00
00
00
00
00
00
00
00
00
00
00
00
00
00
00
00
00
00
00
00
00
00
00
00
00
00
00
00
00
00
00
00
00
00
00
00
00
00
00
00
00
00
00
00
00
00
00
00
00
00
00
00
00
00
00
00
00
00
00
00
00
00
00
00
00
00
00
00
00
00
00
00
00
00
00
00
00
00
00
00
00
00
00
00
00
00
00
00
00
00
00
00
00
00
00
00
00
00
00
00
00
00
00
00
00
00
00
00
00
00
00
00
00
00
00
00
00
00
00
00
00
00
00
00
00
00
00
00
00
00
00
00
00
00
00
00
00
00
00
00
00
00
00
00
00
00
00
00
00
00
00
00
00
00
00
00
00
00
00
00
00
00
00
00
00
00
00
00
00
00
00
00
00
00
00
00
00
00
00
00
00
00
00
00
00
00
00
00
00
00
00
00
00
00
00
00
00
00
00
00
00
00
00
00
00
00
00
00
00
00
00
00
00
00
00
00
00
00
00
00
00
00
00
00
00
00
00
00
00
00
00
00
00
00
00
00
00
00
00
00
00
00
00
00
00
00
00
00
00
00
00
00
00
00
00
00
00
00
00
00
00
00
00
00
00
00
00
00
00
00
00
00
00
00
00
00
00
00
00
00
00
00
00
00
00
00
00
00
00
00
00
00
00
00
00
00
00
00
00
00
00
00
00
00
00
00
00
00
00
00
00
00
00
00
00
00
00
00
00
00
00
00
00
00
00
00
00
00
00
00
00
00
00
00
00
00
00
00
00
00
00
00
00
00
00
00
00
00
00
00
00
00
00
00
00
00
00
00
00
00
00
00
00
00
00
00
